foot_separation: 0.05
body_angle: 0.0

test_yaw: 0
test_pitch: 0
test_pos: [0,0,0.4]


l_arm: [0.15,0.12,0.11711]
r_arm: [0.15,-0.12,0.11671]
